Momentos Rojo
0.275151,0.0355267,0.000458529,0.000321351,1.22976e-07,5.9893e-05,-9.64973e-09,
0.281847,0.0363668,0.000435218,0.00044647,1.96351e-07,8.45975e-05,1.3391e-08,
0.272642,0.0336159,0.000377655,0.000337191,1.20246e-07,6.17523e-05,-4.39305e-09,
0.272416,0.0327295,0.000224114,0.000204656,4.37421e-08,3.67739e-05,2.77221e-09,
0.302837,0.025702,0.0465303,0.0413047,0.00175792,-0.00614782,0.000434331,

Momentos verde
0.225042,0.0230266,8.7377e-06,2.99317e-07,2.55054e-13,2.09913e-08,-4.11408e-13,
0.223637,0.0219714,3.83722e-05,2.02241e-06,-1.46806e-11,-1.78421e-07,-1.00942e-11,
0.219967,0.0208571,4.66867e-05,3.98853e-06,2.42004e-11,2.4095e-07,-4.87509e-11,
0.222293,0.0216618,1.41832e-05,4.75338e-07,1.1443e-12,-2.5781e-08,4.62464e-13,
0.237417,0.0215115,0.0016113,0.00102832,1.31888e-06,7.64255e-06,1.12692e-07,

Momentos azul
0.226843,0.0227893,0.000687576,7.90125e-05,1.50447e-08,9.27386e-06,-1.06217e-08,
0.23304,0.0254121,0.000571633,6.10003e-05,1.04976e-08,8.67235e-06,-4.42173e-09,
0.225426,0.0223209,0.000457201,4.43052e-05,5.09225e-09,5.13322e-06,-3.71903e-09,
0.233719,0.0257758,0.000676337,8.07833e-05,1.84781e-08,1.25465e-05,-3.88766e-09,
0.231692,0.024815,0.000852654,0.000109732,3.09999e-08,1.55945e-05,-1.28687e-08,